4294967278,549
4294967294,187
4294967279,361
4294967279,360
4294967279,359
4294967279,358
4294967279,357
4294967278,548
4294967279,356
4294967279,355
4294967279,354
4294967278,547
4294967278,546
4294967278,545
37,5
37,4
37,3
37,2
37,1
4294967279,353
4294967278,544
4294967279,352
4294967278,543
4294967279,351
4294967279,350
4294967278,542
36,6
36,5
36,4
36,3
36,2
36,1
35,4
35,3
35,2
35,1
4294967278,541
4294967279,349
4294967278,540
4294967279,348
4294967278,539
4294967278,538
4294967279,347
4294967279,346
4294967278,537
4294967278,536
34,5
34,4
34,3
34,2
34,1
4294967278,535
4294967279,345
33,5
33,4
33,3
33,2
33,1
4294967278,534
4294967279,344
4294967278,533
4294967279,343
4294967278,532
4294967278,531
32,6
32,5
32,4
32,3
32,2
32,1
31,5
31,4
31,3
31,2
31,1
4294967278,530
30,5
26,5
30,4
30,3
30,2
30,1
4294967294,469
29,4
29,3
29,2
29,1
4294967278,529
28,4
28,3
28,2
28,1
27,4
27,3
27,2
27,1
26,4
26,3
26,2
26,1
4294967279,342
4294967293,131
4294967293,130
4294967293,129
4294967293,128
4294967293,127
4294967293,126
4294967293,125
4294967293,124
4294967293,123
4294967293,122
4294967293,121
4294967293,120
4294967293,119
4294967293,118
4294967293,117
4294967293,116
4294967293,115
4294967293,114
4294967293,113
4294967293,112
4294967293,111
4294967293,110
4294967293,109
4294967293,108
4294967293,107
4294967293,106
4294967293,105
4294967293,104
4294967293,103
4294967293,102
4294967293,101
4294967293,100
4294967293,99
4294967293,98
4294967293,97
4294967293,96
4294967293,95
4294967293,94
4294967293,93
4294967293,92
4294967293,91
4294967293,90
4294967293,89
4294967293,88
4294967293,87
4294967293,86
4294967293,85
4294967293,84
4294967293,83
4294967293,82
4294967293,81
4294967293,80
4294967293,79
4294967293,78
4294967293,77
4294967293,76
4294967293,75
4294967293,74
4294967293,73
4294967293,72
4294967293,71
4294967293,70
4294967293,69
4294967293,68
4294967293,67
4294967293,66
4294967293,65
4294967293,64
4294967293,63
4294967293,62
4294967293,61
4294967293,60
4294967293,59
4294967293,58
4294967293,57
4294967293,56
4294967293,55
4294967293,54
4294967293,53
4294967293,52
4294967293,51
4294967293,50
4294967293,49
4294967293,48
4294967293,47
4294967293,46
4294967293,45
4294967293,44
4294967293,43
4294967293,42
4294967293,41
4294967293,40
4294967293,39
4294967293,38
4294967293,37
4294967293,36
4294967293,35
4294967293,34
4294967293,33
4294967293,32
4294967293,31
4294967293,30
4294967293,29
4294967293,28
4294967293,27
4294967293,26
4294967293,25
4294967293,24
4294967293,23
4294967293,22
4294967293,21
4294967293,20
4294967293,19
4294967293,18
4294967293,17
4294967293,16
4294967293,15
4294967293,14
4294967293,13
4294967293,12
4294967293,11
4294967293,10
4294967293,9
4294967293,8
4294967293,7
4294967293,6
4294967293,5
4294967293,4
4294967293,3
4294967293,2
4243767290,0
4243767289,0
4243767288,0
4243767287,0
4243767286,0
4243767285,0
4243767284,0
4243767283,0
4243767282,0
4243767281,0
4294967293,0
4294967278,66
4294967278,315
4294967278,178
4294967278,65
4294967278,314
4294967278,177
4294967278,64
4294967278,313
4294967278,176
4294967278,63
4294967278,312
4294967278,175
4294967278,62
4294967278,305
4294967278,173
4294967278,61
4294967278,304
4294967278,172
4294967278,60
4294967278,303
4294967278,171
4294967278,59
4294967278,170
4294967278,58
4294967278,169
4294967278,57
4294967278,302
4294967278,168
4294967278,56
4294967278,301
4294967278,167
4294967278,55
4294967278,311
4294967278,166
4294967278,54
4294967278,300
4294967278,165
4294967278,53
4294967278,310
4294967278,164
4294967278,52
4294967278,163
4294967278,51
4294967278,162
4294967278,50
4294967278,161
4294967278,49
4294967278,160
4294967278,48
4294967278,159
4294967278,47
4294967278,158
4294967278,46
4294967278,157
4294967278,45
4294967278,299
4294967278,156
4294967278,44
4294967278,309
4294967278,155
4294967278,43
4294967278,154
4294967278,42
4294967278,298
